-3.797280 -5.275659 -5.398293
-2.636146 -4.747738 -3.623159
-3.737442 -3.574656 -3.424234
-3.159269 -3.119004 -1.579343
-3.146162 -1.290474 -4.898177
-3.481836 -1.352125 -3.295082
-3.485778 -0.844805 -1.661983
-3.627547 1.143841 -5.148501
-3.268863 0.758296 -3.614378
-3.053216 1.241914 -0.802394
-1.890320 -5.412943 -5.227817
-1.347847 -5.315903 -3.020632
-1.382999 -3.367312 -5.370513
-1.394576 -3.361594 -1.041359
-0.825654 -0.668906 -5.033156
-0.743706 -0.630416 -3.359635
-2.046533 -1.459530 -1.612142
-0.877464 -0.840432 0.848243
-1.133152 1.452473 -5.056396
-1.462668 1.155984 -3.123742
-1.672885 1.183045 -1.174342
-1.187270 1.363728 0.547032
-1.555671 2.651976 -3.098903
-1.377596 2.396533 -1.443583
-1.443552 3.472359 0.583415
-1.907306 2.860220 2.546957
-0.742419 3.911668 2.746038
1.026888 -5.084682 -5.675042
0.989269 -5.360315 -3.476251
0.492449 -3.457468 -5.640199
0.799000 -3.563634 -2.995799
0.654477 -3.197464 -1.067424
1.436371 -0.558839 -3.796734
1.094546 -1.569762 -1.333856
0.442663 -1.108702 1.036829
0.604905 0.931504 -4.569027
1.205601 1.536854 -3.277909
0.548357 1.376985 -1.240497
0.249231 1.118884 1.337780
0.788867 0.760794 2.887510
1.536074 2.451555 -2.869295
0.381843 2.082411 -1.645139
0.726947 2.942638 0.591759
0.099865 3.066870 3.143666
2.834613 -3.341573 -4.856929
2.570909 -3.712628 -3.323399
2.928658 -2.784487 -1.640784
2.037420 -1.877111 -3.386598
2.772979 -1.616942 -1.433361
2.975841 -1.307570 0.114230
2.145758 -0.904143 2.612785
2.086366 0.597303 -4.782175
2.203677 0.586386 -3.585830
2.340255 0.291585 -1.502751
3.135866 0.864792 0.821054
2.501678 0.473874 2.004959
2.566605 2.669180 -1.210871
2.396236 2.225280 0.320329
2.175032 2.896460 2.718333
-0.696933 3.974193 3.085397
1.697664 2.128708 1.169298
-2.560491 2.818721 -1.801873
-0.506030 -1.448247 1.294405
-2.775971 -2.449114 -0.804632
3.342564 -1.840454 0.483010
1.658397 -4.533921 -3.045814
0.184666 -3.060574 -0.043479
2.399724 -3.624312 -2.347028
2.261383 -1.636924 -2.256641
-0.930320 -3.901405 -3.527548
-0.006848 3.368161 1.574666
1.591563 -0.986109 -4.191098
2.222636 2.407722 -4.079770
-0.560871 0.470889 -4.498304
-3.177121 -2.971743 -1.763008
-1.526360 -1.648170 0.435151
-2.666075 -1.982738 -1.629085
-1.857430 -4.924882 -4.291846
-3.425457 -0.648812 -4.744505
-1.457229 1.733570 -3.749729
-2.401535 -1.347347 -1.522935
3.410548 -1.447520 0.563596
-0.954853 -0.981734 0.761919
1.971818 2.545616 -2.437176
-2.190913 2.853427 -2.501271
-3.083231 -3.832275 -3.038589
-3.522158 0.835602 -4.435251
2.146190 -3.838413 -3.308403
-2.288991 -4.899815 -4.924090
-3.530252 1.014501 -4.643224
1.549911 2.379782 -2.917925
3.478765 -1.534609 0.615527
1.813532 -3.710828 -4.477695
-1.681709 2.777432 -2.420835
-2.281145 2.777715 -1.915053
-0.840556 3.855896 2.153137
2.725058 0.528497 1.383031
3.198632 -1.464430 0.371303
3.000430 -1.515802 0.424494
-3.537703 0.594732 -4.647881
-2.093539 1.267950 -0.580444
-1.118687 -1.495663 0.791866
-0.886449 -1.302689 0.687239
3.051055 -1.546473 0.344928
-0.420542 -0.951918 0.747000
-0.428059 3.726589 2.757937
-0.480143 2.881640 3.020633
1.700786 -1.237670 -3.585109
-0.960255 0.805818 -4.525443
-2.129527 2.731478 -2.182978
1.440423 2.028808 -3.146336
2.005180 2.736403 3.215390
-1.070670 -1.264428 0.832155
-1.917130 2.716364 -2.192077
3.084245 0.571246 1.140829
2.771761 0.464277 1.586386
1.528475 2.155314 -3.069424
1.293036 -4.197261 -4.856366
-0.951073 3.854920 2.400317
1.533154 2.152921 -3.072619
3.084317 0.575513 1.149789
3.178304 -1.361043 0.416434
3.034808 -1.523551 0.361207
3.404828 -1.318324 0.412246
3.251867 -1.614972 0.604521
0.041045 -4.771106 -4.978578
2.991239 -1.567667 0.410442
-0.844569 3.828443 2.420991
-2.404660 1.273315 -0.523863
-2.249276 -4.980419 -4.750623
1.262281 2.243852 2.933050
-0.668673 0.057049 -4.042157
-2.049318 -4.947027 -4.723749
-3.458968 0.433050 -4.637305
2.174781 -3.720139 -3.880713
0.541686 -2.819890 -1.036461
-2.087204 -5.242145 -4.967333
-2.007931 -4.924692 -4.515880
-2.286053 1.238158 -0.775354
-3.005992 -3.724173 -2.777213
0.619834 -4.539946 -5.059007
2.825864 0.500161 1.382017
1.783015 -1.305919 -3.567993
2.901171 0.501228 1.364096
-3.490142 -0.084932 -4.582760
2.928723 0.624027 1.168566
2.936844 0.625488 1.153997
1.669527 -1.242690 -3.740981
0.569437 -4.340527 -5.054169
1.628703 2.192249 1.807954
-2.139134 -5.108899 -4.979341
-3.589834 1.006126 -4.687164
1.529369 2.719177 2.841572
-3.621847 0.956251 -4.891320
-3.526572 0.664425 -4.560451
-3.609262 0.941509 -4.712876
