-5.354681 -0.923020 -2.797876
-3.573568 -3.037142 -3.891411
-1.948287 -2.280298 -1.390679
-3.281980 -1.448838 -0.671724
-3.072531 -1.342778 -2.361157
-3.089480 0.398262 -2.554444
-3.152871 0.476073 -1.689973
-2.795432 2.324231 -1.160107
-2.512034 3.212829 3.144881
-1.607202 -3.313732 -2.007869
-3.248591 -2.259100 -1.996384
-2.033814 -2.145993 -2.422094
-2.538312 -3.148055 -1.998137
-1.814679 -0.526492 -2.859250
-2.761789 -0.922427 0.485532
-1.949989 0.689960 -2.274395
-2.659498 0.774537 -0.804272
-2.961130 3.177763 -3.589981
-1.129694 4.412114 -3.841672
-2.497587 2.128718 -2.299990
-1.510017 2.579179 -1.040189
-2.387765 2.979475 1.769850
0.005870 2.772791 3.414628
-1.879573 3.323189 3.354822
-0.277253 -2.899681 -1.390035
-0.663065 -3.610681 -2.058914
-0.943324 -1.583944 -2.516013
-0.161690 0.160786 -3.005581
-2.801058 1.372117 -1.963736
-0.415308 -0.126652 -0.965068
-0.925165 1.475288 -0.347231
0.510616 1.568821 -1.157176
-1.174002 3.026830 -1.452502
0.571276 3.263270 -1.326476
-2.398610 2.734258 0.406917
0.457878 2.314093 2.270660
0.083025 3.777891 2.853748
0.832954 -3.560830 -3.075353
0.801240 -3.715686 -2.057106
1.134831 -1.110461 -4.361430
0.582548 -1.770442 -1.903828
1.291525 -0.010758 -2.938449
1.205578 -0.980668 -1.374576
0.213571 1.190847 -3.055459
1.601283 2.326869 -2.316214
1.274075 0.726364 -0.544237
0.304187 1.240879 0.052587
1.258756 2.715725 2.964778
-0.463094 3.171243 -1.789580
1.767548 3.061844 -1.519057
1.683469 1.558027 -0.127872
2.225547 3.774137 2.041328
0.320314 3.317250 4.558880
1.705641 -3.560228 -1.931330
1.785368 -2.766605 -1.273990
3.907621 -3.730980 -5.771795
0.159750 -2.506785 -2.718796
1.934063 -1.955556 -2.555893
3.117558 -1.150042 -2.752977
3.331942 2.981726 -3.715457
2.718348 -0.212649 -1.364267
3.032059 2.349583 -0.526286
2.811442 2.772164 0.914880
2.363110 2.713300 2.149260
3.619192 -1.544890 -0.736124
3.588051 0.143717 -2.755123
2.859673 3.137618 3.019551
-0.138033 -3.724220 -2.744910
-0.129740 1.998758 1.101753
-0.844038 2.578090 2.321568
2.172121 2.846452 -1.190908
-3.941822 -3.324970 -5.541973
1.622900 2.201185 1.145817
2.931166 -1.482507 -1.036075
-0.977661 3.456872 3.427789
3.586085 -3.344816 -3.881631
-1.519818 1.982689 -2.744770
0.613602 3.218605 -1.952949
-1.332979 2.069606 0.545331
3.385490 1.331392 -1.891808
1.652931 3.289545 3.460318
-1.879579 2.791061 -1.856650
2.261595 -0.311657 -0.225901
3.665738 -2.631490 -2.017851
-3.480701 -3.072456 -2.260144
-3.373272 -1.315731 -2.235306
3.081674 3.296157 1.960262
1.553759 -0.596189 -4.237185
-2.731401 3.009697 -4.978812
3.743899 -1.492465 -2.152774
2.124620 3.727471 1.694342
3.803072 0.397536 -1.393230
3.596812 0.563169 -2.044043
-0.533890 -0.822299 -2.781952
0.432269 -1.100270 -3.281409
2.980458 3.077480 2.162734
1.643476 3.117013 -1.198223
1.263680 2.933740 -1.648832
2.565522 0.930327 -1.169918
0.531313 4.104782 2.180824
-2.983276 -3.178300 -2.018412
-3.261312 -0.201160 -2.417521
3.787771 -0.526064 -2.219313
3.238234 -0.480057 -2.498183
-2.529170 -1.027023 -1.191954
2.959066 -3.325755 -2.122533
3.146332 2.038977 -1.984472
-3.021875 3.059122 -3.360927
-0.915163 1.855526 -3.051582
-2.033983 2.864517 1.748844
0.191790 0.725856 -0.299637
3.542550 -3.313395 -2.384721
-3.744224 -3.188969 -2.953383
-0.100250 0.500140 -3.049407
2.237523 -3.259573 -2.043948
2.871405 -3.165678 -1.972638
-0.597960 1.544764 -2.555630
-3.074560 -0.197256 -0.877913
-3.325286 -0.424679 -2.418002
3.047560 2.341141 -2.258285
-2.998070 2.810598 -3.669956
3.300001 -3.298402 -2.260232
2.636314 2.898805 2.307195
-1.778537 2.624529 1.116917
2.656172 -0.404724 -0.605762
-0.236910 0.622604 -0.367479
-0.584306 3.360636 3.652925
-1.173217 2.529826 1.977667
0.164631 -3.490305 -2.655502
-0.722024 3.443994 3.576120
-3.345818 -3.206338 -2.297695
-3.611519 -3.048896 -2.413733
-0.199546 1.215511 -2.814698
-2.991961 -0.595370 -0.844682
-3.407135 -0.667774 -2.293536
1.221961 -0.684162 -3.795264
-2.445288 3.094902 2.274167
-2.058559 3.058045 2.515927
1.807530 3.037932 -2.830924
-3.711128 -3.183615 -3.314722
3.651748 -3.467184 -2.997706
1.220900 -0.909729 -4.191930
2.415401 -0.502797 -0.480222
0.435801 -3.650972 -2.900564
0.149669 -3.684409 -2.536579
-0.050597 0.902807 -0.276941
2.799865 -0.658296 -1.111233
-3.671439 -3.158405 -3.066185
-3.800506 -3.186189 -3.104305
-0.953331 2.983552 -1.510550
-0.246533 1.262884 -2.716249
3.555151 -3.334485 -2.417611
-0.069975 0.963564 -2.949075
0.193136 -3.580889 -2.713930
-2.898678 3.066843 -3.810405
1.013138 -0.787465 -3.874555
-3.376416 -0.639578 -2.312613
-3.183466 -1.014379 -0.818030
2.907106 2.377502 -2.210829
-3.665848 -3.121271 -3.431662
3.682156 -3.529359 -3.225166
2.656347 -0.514348 -0.714204
-2.034773 3.307658 3.193205
2.588736 -0.450016 -0.671625
2.638135 2.888311 2.192988
3.214383 1.757894 -1.950441
-0.603137 3.257433 3.495962
-0.656083 3.338971 3.556729
-1.203679 2.871501 -1.346819
0.029666 0.840796 -0.293261
-0.281064 3.049329 3.539857
-0.959876 2.920885 -1.461138
-2.979350 2.998641 -3.621895
-2.957887 3.096375 -3.739991
-3.385020 -0.762337 -2.262481
-3.063148 -0.794252 -0.825165
-2.942965 3.025738 -3.679883
-2.935815 2.944014 -3.785097
2.360461 2.719725 -2.570796
-2.999439 2.916071 -3.647788
-3.646364 -3.115239 -3.533761
3.668640 -3.517195 -3.284802
3.007338 2.221971 -2.111573
1.700351 3.031120 -1.524256
-0.041924 0.678822 -0.333421
0.107260 0.784923 -0.299015
-2.285667 2.889309 1.648955
0.045217 0.777497 -0.299364
1.854407 3.757149 2.058788
0.078217 0.806925 -0.292874
-2.029507 3.189018 2.894438
-1.105983 2.909422 -1.408203
-1.100920 2.962780 -1.441014
3.664724 -3.498403 -3.191849
-1.026631 2.973182 -1.466677
1.175157 -1.009097 -4.269797
-1.104228 2.908301 -1.410602
1.212294 -0.826777 -4.111243
-3.239710 -1.310974 -0.712304
-2.947972 3.108411 -3.716174
-3.395174 -0.692609 -2.285863
2.690613 2.523008 -2.379976
1.204881 -0.849892 -4.054170
1.135698 -0.903576 -4.078561
1.250660 -0.773613 -4.101278
-3.628623 -3.093714 -3.619620
3.664144 -3.506000 -3.329727
